wp0[0,0,0]
wp1[-2,2,0]
wp2[2,2,0]
wp3[-2,-2,0]
wp4[2,-2,0]
wp5[3,0,0]
wp6[1.91,-0.53,0]
wp7[1.54,-0.05,0]
wp8[1.56,2.07,0]
wp9[-0.76,1.35,0]
wp10[-2.61,-1.13,0]
wp11[-2.98,0.23,0]
wp12[-1.62,1.89,0]
wp13[-0.48,0.25,0]
wp14[-0.40,2.22,0]
wp15[-0.07,-0.34,0]
wp16[2.33,-0.28,0]
wp17[-1.83,-1.95,0]
wp18[1.38,-1.32,0]
wp19[2.25,2.57,0]
wp20[-1.37,2.90,0]
wp21[-2.82,-1.86,0]
wp22[0.59,-1.61,0]
wp23[-0.10,-0.47,0]
wp24[-0.39,-1.79,0]
wp25[2.41,-0.33,0]
wp26[0.79,-0.26,0]
wp27[-0.19,0.35,0]
wp28[2.33,-0.66,0]
wp29[2.05,-2.66,0]
